%YAML:1.0
---
image_width: 1440
image_height: 1080
camera_matrix:
  rows: 3
  cols: 3
  data: [1812.311186, 0.000000, 666.488057, 0.000000, 1878.616882, 614.930868, 0.000000, 0.000000, 1.000000]
distortion_coefficients:
  rows: 1
  cols: 5
  data: [-0.119922, -0.078593, 0.007511, -0.028028, 0.000000]
distortion_model: plumb_bob
